1661238521.541554 0.0000000 -0.0000000 0.0000000 0.0000335 -0.0216834 0.0015958 0.9997636
1661238559.029367 0.0000000 -0.0000000 0.0000000 0.0000335 -0.0216834 0.0015958 0.9997636
1661238718.764955 0.0000000 -0.0000000 0.0000000 0.0000335 -0.0216834 0.0015958 0.9997636
1661238725.861472 0.0000000 -0.0000000 0.0000000 0.0000335 -0.0216834 0.0015958 0.9997636
1661238727.690679 0.0000000 -0.0000000 0.0000000 0.0000335 -0.0216834 0.0015958 0.9997636
1661238755.251129 0.0000000 -0.0000000 0.0000000 0.0000335 -0.0216834 0.0015958 0.9997636
1661238755.654380 0.0000000 -0.0000000 0.0000000 0.0000335 -0.0216834 0.0015958 0.9997636
1661238756.956231 0.0000000 -0.0000000 0.0000000 0.0000335 -0.0216834 0.0015958 0.9997636
1661238757.453590 0.0000000 -0.0000000 0.0000000 0.0000335 -0.0216834 0.0015958 0.9997636
1661238757.751846 0.0000000 -0.0000000 0.0000000 0.0000335 -0.0216834 0.0015958 0.9997636
1661238762.613460 0.0000001 -0.0000001 0.0000001 0.0000335 -0.0216834 0.0015958 0.9997636
